6.283185307179586
6.283185307179586
6.283185307179586
6.283185307179586
6.283185307179586
6.283185307179586
6.283185307179586
6.283185307179586
6.283185307179586
6.283185307179586
6.283185307179586
6.283185307179586
6.283185307179586
6.283185307179586
6.283185307179586
6.283185307179586
6.283185307179586
6.283185307179586
6.283185307179586
6.283185307179586
6.283185307179586
6.283185307179586
6.283185307179586
6.283185307179586
6.283185307179586
6.283185307179586
6.283185307179586
6.283185307179586
6.283185307179586
6.283185307179586
6.283185307179586
6.283185307179586
6.283185307179586
6.283185307179586
4.71238898038469
6.283185307179586
12.566370614359172
6.283185307179586
6.283185307179586
6.283185307179586
6.283185307179586
6.283185307179586
6.283185307179586
6.283185307179586
6.283185307179586
6.283185307179586
6.283185307179586
6.283185307179586
6.283185307179586
6.283185307179586
6.283185307179586
4.71238898038469
6.283185307179586
6.283185307179586
6.283185307179586
6.283185307179586
4.71238898038469
6.283185307179586
6.283185307179586
6.283185307179586
6.283185307179586
6.283185307179586
6.283185307179586
6.283185307179586
6.283185307179586
6.283185307179586
6.283185307179586
6.283185307179586
6.283185307179586
6.283185307179586
6.283185307179586
6.283185307179586
10.995574287564276
6.283185307179586
6.283185307179586
6.283185307179586
6.283185307179586
6.283185307179586
6.283185307179586
6.283185307179586
6.283185307179586
6.283185307179586
6.283185307179586
6.283185307179586
6.283185307179586
6.283185307179586
6.283185307179586
6.283185307179586
6.283185307179586
6.283185307179586
6.283185307179586
6.283185307179586
6.283185307179586
6.283185307179586
6.283185307179586
6.283185307179586
6.283185307179586
6.283185307179586
6.283185307179586
6.283185307179586
6.283185307179586
7.853981633974483
6.283185307179586
6.283185307179586
6.283185307179586
6.283185307179586
7.853981633974483
6.283185307179586
6.283185307179586
6.283185307179586
3.141592653589793
6.283185307179586
6.283185307179586
6.283185307179586
4.71238898038469
6.283185307179586
6.283185307179586
6.283185307179586
6.283185307179586
6.283185307179586
6.283185307179586
6.283185307179586
6.283185307179586
6.283185307179586
6.283185307179586
6.283185307179586
6.283185307179586
6.283185307179586
6.283185307179586
6.283185307179586
6.283185307179586
6.283185307179586
6.283185307179586
6.283185307179586
4.71238898038469
6.283185307179586
6.283185307179586
6.283185307179586
6.283185307179586
6.283185307179586
6.283185307179586
6.283185307179586
6.283185307179586
6.283185307179586
6.283185307179586
6.283185307179586
6.283185307179586
6.283185307179586
6.283185307179586
6.283185307179586
6.283185307179586
6.283185307179586
6.283185307179586
6.283185307179586
6.283185307179586
6.283185307179586
6.283185307179586
6.283185307179586
4.71238898038469
6.283185307179586
6.283185307179586
6.283185307179586
6.283185307179586
6.283185307179586
6.283185307179586
6.283185307179586
6.283185307179586
6.283185307179586
6.283185307179586
4.71238898038469
6.283185307179586
6.283185307179586
6.283185307179586
6.283185307179586
6.283185307179586
6.283185307179586
6.283185307179586
6.283185307179586
6.283185307179586
6.283185307179586
6.283185307179586
6.283185307179586
6.283185307179586
6.283185307179586
6.283185307179586
6.283185307179586
